# N2
a_1_N2 = 0.3694063e+01
a_2_N2 = -0.1334139e-02
a_3_N2 = 0.2652067e-05
a_4_N2 = -0.9775312e-09
a_5_N2 = -0.9983837e-13
a_6_N2 = -0.9758881e+03

# O2
a_1_O2 = 0.3721461e+01
a_2_O2 = -0.2518398e-02
a_3_O2 = 0.8589429e-05
a_4_O2 = -0.8305377e-08
a_5_O2 = 0.2710013e-11
a_6_O2 = -0.9701834e+03

# CO2
a_1_CO2 = 0.2171539e+01
a_2_CO2 = 0.1038499e-01
a_3_CO2 = -0.1074106e-04
a_4_CO2 = 0.6350127e-08
a_5_CO2 = -0.1629149e-11
a_6_CO2 = -0.9159472e+03

# Ar
a_1_Ar = 2.501658
a_2_Ar = 0
a_3_Ar = 0
a_4_Ar = 0
a_5_Ar = 0
a_6_Ar = -683.328

# H2O
a_1_H2O = 4.159259
a_2_H2O = -0.001725577
a_3_H2O = 5.70201e-06
a_4_H2O = -4.59605e-09
a_5_H2O = 1.42431e-12
a_6_H2O = -1104.501
